R1 = 12;
R2 = 15;
L = 20e-3;   
C = 10e-6;   
Em = 24;     
w = 50*2*pi;
I_2_0 = 1;   
U_C_0 = 1;    