U = 12;
psi = 0.28648;
Ra = 0.35;
La = 0.00035;
J_M = 0.00234;
J_L = 0.00703;
b = 0.06;
k = 350;



U_rated = 12;

U = 12;
Ra = 0.35;
La = 0.00035;
psi = 0.28648;
J_M = 0.00234;
J_L = 0.00703;
b = 0.06;
k = 350;